4.985E7
4.925E7
4.935E7
4.945E7
4.955E7
4.965E7
4.975E7
4.985E7
4.995E7
4.905E7
4.915E7
4.925E7
4.935E7
4.945E7
4.855E7
4.865E7
4.875E7
4.885E7
4.895E7
4.905E7
4.915E7
4.925E7
4.935E7
4.945E7
4.955E7
4.965E7
4.975E7
4.985E7
4.895E7
4.905E7
4.915E7
4.925E7
4.935E7
4.945E7
4.955E7
4.965E7
4.975E7
4.985E7
4.995E7
5.005E7
5.015E7
5.025E7
4.935E7
4.945E7
4.955E7
4.965E7
4.975E7
4.985E7
4.995E7
5.005E7
5.015E7
5.025E7
5.035E7
5.045E7
5.055E7
5.065E7
4.975E7
4.985E7
4.995E7
5.005E7
5.015E7
4.925E7
4.935E7
4.945E7
4.955E7
4.965E7
4.975E7
4.985E7
4.995E7
5.005E7
4.915E7
4.925E7
4.935E7
4.945E7
4.955E7
4.865E7
4.875E7
4.885E7
4.895E7
4.905E7
4.915E7
4.925E7
4.935E7
4.945E7
4.955E7
4.965E7
4.975E7
4.985E7
4.995E7
4.905E7
4.915E7
4.925E7
4.935E7
4.945E7
4.955E7
4.965E7
4.975E7
4.985E7
4.995E7
5.005E7
5.015E7
5.025E7
5.035E7
4.945E7
4.955E7
4.965E7
4.975E7
4.985E7
4.995E7
5.005E7
5.015E7
5.025E7
5.035E7
5.045E7
5.055E7
5.065E7
5.075E7
4.985E7
4.995E7
1.002E8
1.002E8
5.025E7
4.935E7
4.945E7
4.955E7
4.965E7
4.975E7
4.985E7
4.995E7
5.005E7
5.015E7
4.925E7
4.935E7
4.945E7
4.955E7
4.965E7
4.875E7
4.885E7
4.895E7
4.905E7
4.915E7
4.925E7
4.935E7
4.945E7
4.955E7
4.965E7
4.975E7
4.985E7
4.995E7
5.005E7
4.915E7
4.925E7
4.935E7
4.945E7
4.955E7
4.965E7
4.975E7
4.985E7
4.995E7
5.005E7
5.015E7
5.025E7
5.035E7
5.045E7
9.92E7
9.92E7
4.975E7
4.985E7
4.995E7
4.905E7
4.915E7
4.925E7
4.935E7
4.945E7
4.955E7
4.965E7
4.975E7
4.985E7
4.895E7
4.905E7
9.84E7
9.84E7
4.935E7
9.7E7
9.7E7
4.865E7
4.875E7
4.885E7
4.895E7
4.905E7
4.915E7
4.925E7
4.935E7
4.945E7
4.955E7
4.965E7
4.975E7
4.885E7
4.895E7
4.905E7
4.915E7
4.925E7
4.935E7
4.945E7
4.955E7
4.965E7
4.975E7
4.985E7
4.995E7
5.005E7
5.015E7
4.925E7
4.935E7
4.945E7
4.955E7
1.4925E8
1.4925E8
1.4925E8
4.995E7
5.005E7
5.015E7
5.025E7
5.035E7
5.045E7
5.055E7
4.965E7
4.975E7
4.985E7
4.995E7
5.005E7
4.915E7
4.925E7
1.4835E8
1.4835E8
1.4835E8
4.965E7
4.975E7
4.985E7
4.995E7
4.905E7
4.915E7
4.925E7
4.935E7
4.945E7
4.855E7
9.84E7
4.875E7
4.885E7
4.895E7
4.905E7
4.915E7
4.925E7
4.935E7
4.945E7
4.955E7
4.965E7
9.84E7
4.985E7
4.895E7
4.905E7
4.915E7
4.925E7
4.935E7
4.945E7
4.955E7
4.965E7
4.975E7
4.985E7
4.995E7
5.005E7
5.015E7
5.025E7
4.935E7
4.945E7
4.955E7
4.965E7
4.975E7
