500,6483,4724,141043,94638,145519,18865,478,247,63862,46165,542776,17981,794,231,102795,66206,226096,19875,3648,425,80228,60681,222429,23886,
500,4889,4217,18797,19379,80030,14548,472,154,46702,37865,425925,9127,300,134,53242,37429,152939,8750,413,220,44627,38865,142295,8661,
500,321,272,18437,19600,62688,9317,219,111,10117,13911,436007,1397,499,110,42520,32652,144167,1319,385,144,22379,21399,124654,1388,
500,328,259,18747,18303,67049,1300,213,87,9513,14433,433660,1383,231,75,41732,33082,146542,1288,398,144,22649,23277,142012,1340,
500,306,265,18448,18964,73279,1353,179,71,10303,13328,426590,1322,171,71,32761,39969,146095,1260,385,186,29559,28089,137842,3130,
500,328,275,18751,18610,70517,1239,230,73,10219,13825,419655,1242,141,52,40322,33036,146752,1288,327,212,29378,22083,134524,1206,
500,230,238,17871,18209,65695,1253,102,36,9532,14262,418773,1296,103,37,40522,30847,142351,1229,302,109,21917,20935,130472,1222,
500,262,258,17916,18461,66355,1168,107,37,16289,13936,429363,1230,117,37,33546,38764,141796,1206,307,109,22423,22337,129304,1253,
500,253,240,17417,18528,71095,1323,124,51,10078,14131,433487,1247,188,40,39194,32605,147433,1234,357,110,35626,27859,131362,1240,
500,224,223,18144,20228,71995,1445,109,38,9822,13730,419601,1497,117,39,32907,51392,149203,1323,287,124,27636,27397,136252,1352,
500,238,245,18521,18784,66816,1256,123,37,10058,13414,421085,1261,148,74,34075,30558,142241,1258,362,159,28017,30423,135034,1259,
500,234,229,18082,18417,73191,1307,352,113,9841,13726,429656,1308,193,93,32769,35601,143299,1269,306,87,23075,23010,137915,1384,
500,349,299,18161,19027,73866,1319,91,40,9752,13772,429824,1279,84,19,33419,34382,149395,1754,409,81,20809,20696,138035,1254,
500,232,311,18227,18149,65881,1289,103,77,9511,13796,432755,1295,82,14,35034,31630,143214,1212,236,121,23375,25159,130209,1263,
500,212,217,18144,17810,71263,1249,88,54,9739,14267,416786,1230,64,14,32784,34677,143054,1294,226,74,24824,23456,132966,1237,
500,211,225,18863,17923,74676,1267,86,20,10015,12824,421099,1222,62,14,32594,31817,143989,1268,298,79,22934,23217,140424,1319,
500,236,217,18830,18513,74325,1273,65,20,9594,14378,423243,1336,81,14,33807,30022,146006,1299,240,81,21525,23385,138960,1343,
500,218,239,17118,17935,77596,1284,87,20,10159,13378,422807,1327,91,14,32911,34890,154539,1244,236,76,27554,28053,137030,1251,
500,211,217,17345,18751,66581,1231,65,19,9451,13097,420910,1513,64,13,31286,32684,138838,1290,227,74,23100,23510,130544,1277,
500,215,216,17925,18289,69777,1341,62,19,10581,12892,426833,1306,62,14,34667,32982,146750,1288,233,76,21620,24393,129839,1297,
1000,398,429,69542,71701,178125,1622,72,20,24984,32081,1013066,1458,52,14,57989,55429,314585,1379,320,90,70194,69825,273439,1566,
1000,465,465,74719,73208,187580,1720,74,20,24006,32260,995437,1445,52,14,57506,53353,309488,1644,432,142,74249,73964,289273,1462,
1000,429,437,70875,72196,175261,1412,85,30,22087,30919,969873,1332,56,15,58825,55836,300475,1377,271,92,67783,66034,269174,1343,
1000,396,415,68868,70813,173170,1365,73,19,21044,30077,957667,1408,94,40,59690,57183,303444,1337,265,91,86884,81542,269802,1418,
1000,432,420,70245,72187,170861,1463,62,19,21065,30363,961891,1429,52,14,55549,52916,282525,1444,264,89,63599,62383,261388,1449,
1000,418,407,70248,72683,165344,1258,61,19,21102,29156,936905,1333,54,14,58880,53932,295523,1275,269,88,77824,79338,258773,1294,
1000,432,406,69504,71826,171676,1422,62,19,21075,29547,978651,1389,62,25,71009,71916,288485,1457,261,87,65314,62462,260165,1449,
1000,413,445,69487,70503,178960,1501,66,19,22519,29000,948636,1429,80,14,59554,56321,304410,1359,266,111,60522,60305,289489,1374,
1000,457,419,70611,72158,167795,1357,83,18,20678,29602,955327,1330,59,14,59836,59382,281286,1344,267,86,62551,63105,256522,1305,
1000,400,415,68508,70418,155810,1390,62,19,19944,29434,946430,1529,50,14,54824,58453,273778,1390,307,87,71300,68894,252013,1432,
1000,398,429,69807,71703,168585,1512,62,18,21771,29154,946285,1335,49,14,58770,59392,297165,1379,301,131,68496,67870,265335,1336,
1000,420,407,69847,71286,179099,1433,64,21,20972,30025,976480,1386,51,14,57285,56568,308631,1425,258,87,72383,67758,273448,1643,
1000,414,455,71004,72251,160029,1388,63,20,23346,30367,946467,1359,50,14,55324,54445,271697,1421,253,84,60754,59586,252579,1357,
1000,444,414,70573,71815,160000,1381,63,19,21420,29635,957156,1398,51,18,57891,57161,276363,1344,259,108,72916,71650,247609,1371,
1000,400,455,70249,71994,186658,1397,74,19,20943,29671,972904,1391,49,14,56446,56754,321802,1366,263,88,71609,66844,277409,1404,
1000,490,441,68807,69983,168077,1447,63,19,23085,29353,941156,1741,51,14,59620,55598,289207,1420,261,88,70657,69625,275947,1532,
1000,463,415,70471,72356,183778,1537,63,19,21257,29370,956235,1401,53,14,57055,57527,313808,1374,257,87,65127,64902,275560,1403,
1000,421,414,70156,72101,192150,1551,62,19,20679,29879,956122,1559,52,14,59950,56044,316828,1419,280,85,66337,63948,280537,1387,
1000,400,406,68946,71539,168247,1473,61,18,22036,29135,944617,1659,101,26,60673,56514,292555,1390,284,136,62834,61804,267341,1375,
1000,419,407,70545,71884,168051,1528,64,20,21185,29658,956171,1760,53,14,58324,55090,279939,1429,264,88,72043,69138,263195,1455,
1500,635,645,149540,155409,266638,1420,53,20,34130,43172,1367404,1486,50,15,86076,83071,447419,1680,298,96,129569,127604,413325,1399,
1500,652,628,150456,158148,254446,1491,54,21,32224,44534,1353078,1468,47,17,84741,81362,423407,1492,279,96,120228,115625,385934,1529,
1500,704,631,147324,155630,243535,1440,58,20,37760,43719,1358542,1527,54,15,84293,84561,420168,1450,284,96,120698,117663,378558,1520,
1500,654,646,149348,155724,267285,2674,54,21,34620,43416,1374604,1459,49,15,84254,84880,441950,1545,280,128,115236,114545,410796,1479,
1500,637,803,150040,155937,248394,1553,54,20,33409,43195,1354992,1764,46,15,84362,84677,416644,1555,348,124,162463,154437,404301,1919,
1500,643,629,164474,160630,256070,1650,62,22,37234,47110,1384822,1534,47,15,85302,83964,412231,1502,315,100,120417,114719,383596,1446,
1500,641,621,150784,157333,256525,1488,77,20,32841,43723,1349934,1483,61,15,87100,81487,445706,1588,306,99,146532,139492,381369,1453,
1500,654,632,147300,156534,271127,1462,52,20,31734,42845,1349442,1436,48,15,83976,81574,467973,1478,308,95,121006,116186,408093,1492,
1500,636,823,150536,156211,253538,1473,57,26,32773,42607,1362466,1385,48,15,84235,81940,433097,1380,309,103,133255,129777,386400,1393,
1500,670,665,149221,155984,281679,1462,54,20,34882,44221,1384630,1513,46,15,84050,84236,450837,1490,280,94,125107,122966,417568,1544,
1500,664,653,150150,158964,280354,1480,53,20,33095,45173,1385138,1486,45,15,81773,84029,473961,1477,292,95,123121,122353,424465,1552,
1500,643,641,148156,156409,278488,1475,55,21,31032,43861,1358119,1461,47,15,81789,83698,449832,1492,320,96,133913,129553,417985,1459,
1500,676,632,147641,154769,270074,1464,53,21,31571,43822,1347351,2365,44,15,86984,79798,453877,1599,284,100,133567,128197,409349,1525,
1500,639,649,149788,157231,278749,1394,53,20,31086,43326,1394347,1461,48,16,86843,80981,480232,1422,287,94,121198,114660,417869,1476,
1500,635,650,148319,156886,255870,1735,63,20,31402,42169,1360534,1457,48,15,84369,84642,429607,1466,289,98,144943,139958,374102,1579,
1500,647,648,147429,155370,257298,1487,56,21,31369,43453,1357314,1490,46,15,85959,81358,442180,1470,317,96,137762,134291,379862,1489,
1500,669,623,147163,154672,249397,1469,60,21,31937,42058,1356640,1460,45,15,82872,79936,419535,1590,284,96,116761,115228,383439,1483,
1500,637,627,151927,158923,261477,1461,68,20,31696,44300,1365537,1537,50,15,81840,82981,443523,1461,297,112,122129,119923,394969,1485,
1500,792,628,152223,163421,256380,1437,54,24,30961,48117,1427043,1553,54,17,83207,83366,417024,1474,286,98,114052,112222,393501,1715,
1500,756,679,150753,157273,243253,1388,54,20,31728,43909,1346086,1783,46,15,81092,84360,424137,1621,319,102,119675,111942,370820,1432,
2000,844,828,247133,261749,356235,1552,67,19,58255,68135,2141700,1555,46,15,109992,109711,612462,1554,305,103,173394,170440,558283,1610,
2000,898,1006,250276,261340,381452,1605,74,21,54538,66231,2161782,1569,45,17,115048,109421,627310,1608,310,124,185217,177583,549671,1642,
2000,894,834,246514,258505,347373,1542,60,18,56407,67639,2154617,1741,44,16,108035,112035,614836,1611,297,104,191640,188900,550499,1819,
2000,865,846,250547,265413,346369,1536,58,18,56286,67390,2126138,1713,47,16,110061,108817,609273,1586,303,102,180111,171975,536984,1720,
2000,842,903,246929,269834,348916,1655,64,20,57717,79602,2150979,1508,46,16,117593,111706,579282,1561,337,161,187374,183974,511544,1671,
2000,883,845,255631,268419,375658,1688,62,19,55331,66921,2193344,1710,52,16,109838,111043,644702,2011,339,110,214436,208052,600782,1689,
2000,888,884,253192,270444,319511,1746,70,26,70175,73808,2084937,1501,47,16,111794,110269,540484,1732,305,107,200540,193467,485020,1637,
2000,851,852,252140,264348,361660,2494,63,19,56146,67258,2149317,1624,51,18,106461,112702,627194,1547,302,109,188893,181262,555505,1613,
2000,895,887,256014,272346,355877,1516,63,21,57555,68563,2169972,1534,44,16,112567,109964,597473,1609,303,104,186074,182373,534338,1820,
2000,871,846,254193,265484,338428,1547,62,19,58539,69592,2142284,1501,50,17,113962,111055,610902,1593,325,108,207194,199356,527188,1613,
2000,9316,3220,267269,297954,375205,1620,396,110,62548,72192,2179177,1615,399,84,110200,112910,606436,1597,746,173,174323,176832,586091,1515,
2000,869,823,257065,277828,351453,1571,96,26,60396,70156,2195418,1614,98,18,111166,110220,588975,1576,356,108,234016,227956,537860,1568,
2000,871,981,250720,267379,329589,1601,93,20,60057,69687,2188284,1796,98,21,117889,117980,574975,1517,362,112,190849,192601,511470,1613,
2000,902,848,260696,263652,380960,1649,120,20,55580,68099,2195567,1648,97,20,116096,111745,625821,1776,332,104,203342,197295,556006,1588,
2000,858,970,247597,264206,340373,1621,72,19,58245,67456,2134212,1698,54,16,119532,112239,606006,1819,329,112,202044,196946,538312,1676,
2000,879,840,250920,265581,346735,1604,60,18,55842,67868,2168339,1587,56,16,111777,107393,564872,1616,299,103,177607,176698,538829,1631,
2000,900,874,251822,268282,379879,1612,62,19,56610,65943,2170306,1638,55,15,110901,110502,639155,1564,349,112,182237,172751,576372,1792,
2000,894,839,258253,264681,370312,1510,58,20,52847,65827,2172398,2123,44,16,120768,115738,651075,1624,302,102,208563,203817,573413,1670,
2000,908,871,252509,266676,354220,1574,72,20,54666,65202,2111275,1633,43,16,110669,108475,603448,1626,298,115,202781,193594,545303,2415,
2000,911,875,258308,271765,333301,1723,69,20,61247,68056,2174339,1540,47,16,119487,110673,555603,1627,314,104,190203,179447,500898,1707,
2500,1134,1194,383154,405194,478407,1615,65,20,72930,84573,2693265,1658,43,26,139778,133454,792140,1668,327,114,265302,258561,745048,1614,
2500,1132,1066,376471,401005,423131,1610,69,24,76399,85186,2611369,1612,44,16,134880,139042,787792,1759,338,117,277390,265369,714414,1624,
2500,1103,1112,383818,415093,471313,1816,56,21,71762,82769,2704427,1744,44,17,143108,141222,809388,1837,341,111,281228,273672,764013,1715,
2500,1114,1042,382734,394462,433569,1639,57,20,71566,83774,2597550,1709,75,30,138279,131849,778502,1660,317,113,251961,240588,704395,1639,
2500,1118,1064,369089,395234,438531,1668,55,20,73007,82952,2625431,1741,46,18,142710,130885,782733,1684,326,134,280558,279905,719968,1668,
2500,1130,1069,378476,399377,461141,1751,60,22,74016,85493,2692913,1903,42,17,141264,137833,788901,1694,321,118,235884,238669,716243,1659,
2500,1071,1028,371234,397318,440434,1658,59,20,72132,81423,2644833,1713,44,17,136232,136287,786610,1689,305,116,254911,250003,726510,1799,
2500,1109,1057,377697,401647,460103,1753,58,20,79971,85427,2617743,1634,43,16,136281,139111,789843,1744,316,106,307129,300177,718824,1602,
2500,1102,1082,373347,401075,435691,1860,54,24,69084,82501,2619373,1715,70,22,136300,136792,765676,1728,330,116,244712,238685,713736,1681,
2500,1094,1034,370947,392724,424787,1590,60,20,77532,83988,2607321,1780,43,16,139299,137653,830593,1682,322,111,265772,253666,713006,1657,
2500,1115,1051,377790,409298,430067,1747,58,20,72147,84516,2616342,1575,44,26,140289,134347,754576,1696,328,114,282661,273889,712549,1541,
2500,1121,1070,377677,396918,425746,1609,56,20,72517,82971,2631550,1701,44,21,134236,131760,771882,1806,326,109,238254,235540,710039,1639,
2500,1199,1057,379614,403728,453211,1561,54,29,76615,84679,2672779,1674,62,17,135333,140615,802893,1686,320,111,249580,247645,720220,1665,
2500,1115,1048,381864,416065,449554,1851,54,20,71882,81384,2650569,1676,42,16,137992,131091,767745,1653,302,114,255700,245794,721383,1650,
2500,1121,1042,374656,397357,424809,1612,54,20,63325,80485,2593804,1632,42,17,135838,132246,767337,1630,310,106,268439,258923,697714,1627,
2500,1142,1078,374456,397303,449954,1620,58,21,68245,81547,2614812,1638,51,17,138439,134310,771157,1640,308,108,262202,265319,723194,1636,
2500,1094,1023,372339,400671,434473,1530,59,21,72649,83096,2630170,2761,65,19,144316,133542,789733,1601,359,110,288913,283272,728222,1572,
2500,1174,1043,375579,392428,403611,1550,55,22,72580,83430,2589110,1564,45,16,140397,137528,764897,1557,318,111,246113,243049,681025,1621,
2500,1093,1036,376949,401868,426753,1664,57,21,71179,81419,2569597,1875,43,16,137234,134466,770768,1647,303,115,283866,276162,703160,1603,
2500,1279,1101,376036,399092,443608,1682,81,33,71745,81375,2628969,1834,48,19,136294,129696,764395,1566,305,123,326849,309841,707275,1642,
3000,1355,1292,525394,552678,522596,1694,52,20,84514,98158,3050456,2212,43,19,174770,175011,917670,1751,348,123,383205,359177,872151,1870,
3000,1347,1277,539401,563061,542917,1639,55,22,98872,109348,3036192,1648,52,18,168610,163579,952028,1708,332,113,324993,319660,876364,1610,
3000,1309,1225,528073,556481,546902,1775,60,22,98449,104692,3056783,1741,43,17,160530,163073,925743,1766,330,122,339170,340328,905121,1961,
3000,1363,1270,524916,550910,499312,1672,56,21,91072,99416,3004341,1708,43,17,169071,170567,900922,1674,343,114,336253,336559,830990,1700,
3000,1297,1228,516260,548742,538737,1675,53,21,87237,100773,3024812,1763,45,17,165013,163232,962909,1727,341,115,367605,350736,873270,1705,
3000,1382,1255,523257,557494,514098,1604,62,23,95985,106348,3018346,1672,51,18,163497,165552,942206,1755,354,119,347565,338523,861680,1722,
3000,1378,1271,525544,556896,560349,1658,53,21,90729,103818,3108912,1942,44,17,169606,164584,972627,1765,338,124,335412,330223,912339,1815,
3000,1284,1231,517964,548301,523289,1619,56,21,90210,101277,3035550,1734,43,17,163233,164532,942181,1667,325,119,325202,322839,877010,1712,
3000,1347,1254,530138,552124,495494,1699,61,21,90457,101477,3038757,1731,43,18,167686,165012,905988,1695,325,115,308405,310030,851207,1712,
3000,1357,1265,527193,561837,537631,1697,64,21,86880,98589,3023204,1767,46,17,171687,166581,980617,1873,334,117,317588,308247,878449,1838,
3000,1337,1287,522271,550667,531322,1668,52,20,91107,102020,3074295,1639,43,17,161233,163455,924157,1697,331,115,317983,310190,882153,1687,
3000,1433,1262,524802,557060,521124,2110,84,43,89192,97711,3026735,1852,45,17,164856,164097,924034,1682,324,114,352667,346042,852144,1729,
3000,1338,1226,520264,568153,510386,1695,62,23,92801,99719,3048585,1772,48,18,166439,166420,970572,1708,331,116,312195,308562,857229,1649,
3000,1301,1255,529446,561841,549251,1692,55,21,93671,104164,3070590,1782,44,18,170817,168601,1004609,2218,352,120,355251,341050,896567,1706,
3000,1303,1291,518800,550863,511815,1671,60,21,85637,101935,3080477,1773,52,18,170147,163465,924067,1778,336,115,351162,342040,847400,1723,
3000,1318,1286,528113,559845,574648,1696,60,22,90750,102509,3036146,1615,45,17,181408,169862,1003199,1619,333,133,320398,307611,924534,2004,
3000,1399,1364,545371,545984,535766,1669,115,29,95872,103902,3059884,1752,48,17,167691,167702,944067,1695,337,120,323624,317240,898022,1704,
3000,1327,1415,524444,561071,517834,1705,51,20,95236,105064,3057495,1701,51,19,164103,166118,955863,1802,344,118,310072,304983,855934,1812,
3000,1386,1266,524342,553377,558468,1776,53,21,83673,96129,3086540,1704,43,17,166083,164842,968900,1815,332,122,365036,349951,920032,1707,
3000,1323,1379,523678,547883,545447,1725,53,22,86900,96162,3060976,1780,43,17,177963,167988,951203,1722,324,112,324266,313216,895281,1740,
3500,1567,1476,678453,704067,663682,1801,112,24,113380,131116,4108793,1817,50,18,195803,195131,1144515,1785,344,134,439293,425207,1087481,1800,
3500,1630,1506,684079,726125,598394,1723,64,19,117726,132977,4026786,1687,44,18,194896,198483,1132851,1771,341,126,381397,370412,1019590,1785,
3500,1551,1478,695221,719690,646094,1821,70,19,118112,131979,4103898,1895,44,18,194386,199771,1165508,1864,461,134,409334,408975,1031268,1869,
3500,1541,1625,686100,715134,615108,1735,68,23,118815,132054,4050059,1726,43,18,196267,192979,1058835,1808,353,121,426610,420451,1026466,1790,
3500,1545,1525,695288,742815,622100,1770,66,19,121802,134473,4099550,1857,42,18,195350,196174,1125172,1794,344,126,415812,406437,1017912,1764,
3500,1584,1467,679391,713822,582875,1804,76,21,118993,130864,3998772,1925,51,21,192555,200741,1102741,1721,366,125,428335,420649,987085,1926,
3500,1664,1576,693210,726713,617804,1724,71,19,114408,131385,4063322,1736,47,20,192521,194312,1066809,1872,381,125,428519,428149,1030065,1771,
3500,1576,1488,687821,726855,646081,1737,66,20,111589,129751,4073129,1809,43,18,197063,193420,1131265,1804,353,133,396681,382676,1063174,1898,
3500,1556,1477,697930,709928,609376,1650,63,18,118161,131119,4051894,1672,45,18,196301,196071,1122261,1724,340,130,445174,433844,1009143,1762,
3500,1507,1516,679838,740668,591372,1683,64,21,114597,128115,3993021,1695,44,18,187511,190968,1032969,1788,340,126,415768,411831,1001529,1714,
3500,1590,1524,693703,712477,625924,1734,69,19,113499,129102,4020020,1757,43,18,206702,193065,1108729,1957,374,137,406395,400341,1042186,1827,
3500,1525,1426,690845,737424,613477,1737,65,19,110915,123915,4054471,1762,52,19,198730,196756,1162998,1666,427,149,396787,367537,1026489,1775,
3500,1669,1471,695940,757122,596588,1820,68,21,124779,141114,4051898,1826,44,18,201152,197495,1086068,1828,344,126,394555,385773,993054,1728,
3500,1581,1499,682910,723927,577307,1718,63,18,113511,127457,3999544,1768,51,19,191525,198047,1100086,1785,341,120,397926,384609,979771,1966,
3500,1544,1432,684648,710774,595066,1790,63,19,112168,128795,4013122,1783,41,18,193512,197316,1032222,1819,343,139,381454,372235,1003656,1759,
3500,1584,1462,697446,725354,655621,1637,64,20,109679,127135,4107536,1720,74,26,192277,199440,1154468,1726,332,120,393688,379969,1078023,1713,
3500,1539,1511,689438,714722,627711,1828,63,19,121401,134871,4114542,1753,43,18,202812,198564,1094001,1821,352,125,404411,394575,1039395,1838,
3500,1554,1516,690031,714341,639380,1688,63,19,118319,129507,4020960,1735,51,19,203241,204837,1148035,1838,355,120,395438,394290,1057467,1750,
3500,1546,1464,688275,718637,634810,1904,71,20,113009,125665,4065310,1768,43,18,197098,195099,1117855,1744,350,135,445752,445118,1048462,1799,
3500,1533,1457,683853,710012,612259,1666,74,19,121624,137786,4032335,1776,42,18,196925,202437,1122075,1843,348,119,462854,448670,1027050,1724,
4000,1970,1677,889851,929981,737102,1768,61,20,132223,151533,4623552,1821,44,19,231203,218064,1231523,1831,449,146,516001,512498,1184345,2005,
4000,1734,1688,880794,929224,727062,1788,66,20,139448,160611,4621265,1903,47,20,228102,225357,1266374,1869,357,124,504221,486753,1189464,1891,
4000,1778,1707,888220,919414,705885,1754,67,20,141770,158084,4563190,1806,43,19,224547,219934,1248310,1943,344,126,540317,520159,1168975,1813,
4000,1775,1638,878244,911508,704838,1917,60,19,129685,148952,4617301,1873,44,19,229513,219742,1222033,1861,345,132,508235,500962,1173489,1937,
4000,1812,1784,891714,933038,696242,1879,68,20,144815,157174,4661319,1842,44,19,227951,217733,1192202,1884,364,140,504032,487319,1157779,2004,
4000,1722,1685,878201,917332,687751,1765,66,19,133328,149277,4557610,1826,58,20,227226,223855,1215580,1877,353,124,565560,562124,1147279,1813,
4000,1790,1680,883245,905290,787542,1740,63,20,133735,151895,4685849,1830,42,18,227518,237489,1440261,1992,375,129,474177,456803,1260356,1774,
4000,1853,1653,890388,934276,750535,1862,64,20,137864,155760,4633547,1850,53,22,224498,230719,1376826,1877,371,136,538051,525742,1214812,1813,
4000,1831,1683,877764,901306,676986,1686,68,20,142727,158017,4507277,1834,51,20,234148,225123,1269769,1757,361,122,511666,492992,1147331,1807,
4000,1779,1685,873399,907738,688801,1686,65,22,136095,157035,4565093,1789,43,19,231224,227180,1238795,1771,353,133,534670,532268,1160457,1945,
4000,1825,1701,874496,925354,711153,1747,61,20,141963,158129,4596279,1877,43,19,234479,229488,1340329,1865,341,126,509849,497229,1196160,1927,
4000,1757,1673,866622,910923,732896,1740,59,20,130280,151248,4625331,1834,57,22,231043,235805,1364971,1792,341,124,441378,438352,1207254,1841,
4000,1817,1740,882258,906623,708749,1834,61,25,133578,148603,4582064,1907,51,29,228838,223230,1242135,1866,366,132,475355,460970,1174297,1957,
4000,1770,1708,885401,905909,655899,1829,97,28,138605,154148,4490212,1764,44,18,232178,216120,1195344,1883,353,129,485159,475399,1134283,1744,
4000,1781,1814,874863,931863,715354,1775,60,21,131652,149839,4554465,1819,44,19,232493,217621,1221428,1797,349,126,506705,503113,1181940,1832,
4000,1864,1735,882028,924135,688218,2047,83,26,130905,148639,4586730,1767,46,21,256144,241437,1198829,2063,342,128,556505,540191,1147680,1862,
4000,1793,1702,871238,923057,732585,1761,61,20,130572,150499,4729061,2023,49,22,231389,221814,1279672,1837,361,132,486325,468162,1214461,2104,
4000,1839,1812,912720,933400,723897,1699,63,36,132630,151247,4584327,1816,45,19,223720,205435,1195183,1816,363,173,495580,486954,1194696,1787,
4000,1753,1801,882946,936987,733817,1986,66,20,153962,168919,4613595,1902,45,20,223623,227575,1314494,1829,359,124,514426,505471,1182145,1813,
4000,1745,1745,884460,930328,695473,1710,60,19,130179,149229,4563779,1855,57,19,228765,220922,1199362,1799,344,124,449215,446714,1158218,1810,
4500,1968,1873,1096921,1132415,806888,1984,68,22,156486,180302,5193247,2012,44,20,263682,252324,1427098,1882,385,137,528596,513309,1329629,1889,
4500,1978,2042,1090758,1122943,809024,1859,67,21,163457,189940,5223817,1923,52,21,264815,248078,1402738,1925,362,138,587851,592783,1344322,1880,
4500,1985,1942,1087683,1145522,817946,1802,61,23,164208,186252,5263128,2146,52,25,265113,257783,1455014,1814,379,145,579963,578418,1319757,1902,
4500,2064,1941,1111923,1120034,830844,2007,72,21,150768,180617,5299426,1905,52,21,278699,258436,1503673,2019,359,133,532010,521791,1390282,1955,
4500,2008,1875,1080889,1119659,843946,1715,59,21,158359,189373,5322805,1924,45,20,261446,252284,1442009,1816,358,140,576372,564245,1359483,1905,
4500,1950,1878,1082134,1120326,741833,1748,59,22,154916,183136,5209995,2157,51,23,266029,265022,1407213,1877,436,128,599613,587773,1270311,1880,
4500,2028,1844,1088571,1130524,799294,1838,66,20,167516,191144,5245693,1884,48,20,272561,249936,1424124,1978,362,128,558857,554260,1347005,1876,
4500,1998,1975,1095985,1125971,840395,1834,68,20,152131,172183,5191929,1898,59,21,258158,253969,1494617,2139,411,150,648886,619517,1354446,1896,
4500,1936,1986,1092181,1122923,779857,1800,67,21,156035,185133,5181893,1999,57,22,258152,257209,1397692,1873,377,136,572035,561926,1326940,1938,
4500,1981,1912,1095012,1120876,814090,1975,64,23,148774,174127,5188998,1876,50,20,259747,247395,1411120,2015,402,136,603889,586188,1311002,1941,
4500,1971,1994,1112353,1126337,776580,1885,66,22,146413,171679,5097048,1959,53,21,258966,248767,1352206,1902,371,140,554928,533096,1327606,1902,
4500,2002,1914,1092035,1115842,811929,1916,68,20,149208,176451,5168970,1911,53,21,260273,285040,1508028,2551,576,206,598684,578954,1328360,1886,
4500,2004,1886,1104426,1136692,899651,1848,65,25,155496,178720,5339798,1975,45,20,265568,263624,1505611,1893,372,140,567785,554955,1460626,1885,
4500,2020,1887,1093267,1143209,847734,1898,61,21,159067,179251,5224547,2057,51,21,254879,264440,1554627,1902,365,134,530415,515617,1366436,1894,
4500,1975,1969,1082954,1109857,853923,1892,64,20,146551,169555,5220148,1876,46,19,263515,256220,1467419,1934,377,138,568177,547074,1379894,1947,
4500,2075,1968,1098033,1140082,788588,1745,68,21,158945,180506,5065151,2007,54,21,270213,264690,1408529,1788,365,138,561500,565576,1292970,1757,
4500,1958,1930,1097967,1125059,850213,1879,63,20,149496,172088,5239415,1978,49,19,258585,260746,1523612,1950,362,136,543792,528011,1398502,1944,
4500,1987,1881,1091190,1126323,851208,1934,68,22,160133,183078,5213036,1923,53,21,260631,236578,1392677,2000,379,137,517294,515116,1424658,1886,
4500,2002,1894,1080553,1103023,865330,1868,59,22,149790,173356,5260375,1842,44,20,272413,258037,1529189,1948,360,136,586530,558829,1431514,1872,
4500,2011,2002,1123414,1133644,737140,1839,64,21,161151,180130,5063000,1975,44,20,260278,258938,1370964,1901,357,127,571776,560648,1265485,1913,
5000,2215,2150,1312200,1369050,858488,2109,59,23,162904,187349,5600656,1942,45,21,317571,289249,1571056,1962,395,141,706327,701760,1453184,1998,
5000,2203,2124,1355337,1383149,903921,1934,66,22,159364,192488,5865424,1995,55,34,332452,279121,1553109,1985,367,136,665608,657398,1521544,1941,
5000,2229,2174,1338078,1372576,901205,1934,62,23,160049,194628,5809747,2020,45,20,325115,297229,1663373,1938,382,140,660402,648605,1495921,1975,
5000,2314,2093,1340252,1371007,970888,1831,57,20,158929,187249,5884920,1854,45,21,311705,272535,1675946,1886,408,143,645812,627690,1573717,1913,
5000,2220,2164,1340726,1372774,953748,1894,55,21,161344,189805,5898898,1941,53,26,324790,295882,1699590,2079,390,147,671086,658160,1552997,1934,
5000,2304,2116,1362798,1385344,851737,1845,61,21,161138,190050,5766722,1924,52,22,314865,288485,1563460,1862,361,133,688399,685401,1438273,1911,
5000,2248,2072,1318513,1360232,858997,1776,56,20,154602,187188,5746762,1906,46,25,313178,292594,1611130,1783,405,142,700177,700698,1473701,1848,
5000,2234,2112,1336590,1369785,901810,1929,55,21,171268,202893,5822966,1942,45,20,307192,265703,1568783,2183,386,140,696058,680679,1490716,1970,
5000,2242,2085,1337266,1352750,873461,1889,64,23,162691,193697,5731134,1981,52,22,319651,297725,1622169,1997,374,138,609573,596993,1440997,1974,
5000,2237,2097,1322222,1402241,917011,1802,57,21,160194,191674,5807073,1874,46,21,324187,304375,1727964,1930,365,132,641219,636620,1580237,1977,
5000,2300,2204,1360930,1369034,895741,1953,58,21,162234,191831,5762475,1991,45,21,324263,314217,1743100,2178,387,146,668332,678452,1462495,2025,
5000,2196,2060,1331216,1353127,934027,1905,68,22,156117,185408,5873161,1957,46,21,316247,285418,1676939,1946,383,153,751714,747139,1528910,2013,
5000,2249,2128,1328958,1363138,971378,2114,61,22,157402,186494,5893498,1851,45,20,324098,269700,1616746,1981,374,145,756435,759677,1566727,1991,
5000,2192,2132,1339269,1377932,913262,1833,61,21,158214,191827,5876552,1870,52,22,319609,312227,1765464,1879,380,135,674190,669141,1504720,1821,
5000,2291,2096,1343151,1368306,904522,2064,60,21,162521,192814,5781429,1961,45,20,320040,287206,1569099,1989,363,135,626818,615560,1496118,1948,
5000,2304,2142,1328132,1352700,789205,1886,57,21,158771,188479,5649353,1984,55,23,321316,323486,1604476,1845,371,134,662458,646240,1379239,1884,
5000,2286,2110,1334961,1357883,983804,1806,56,21,176787,208065,5878668,2030,53,22,323313,291253,1651193,1845,370,137,631860,621543,1556660,1820,
5000,2152,2085,1369655,1402997,937942,1890,59,21,161535,193096,5826188,1969,71,22,318130,278293,1609437,1944,367,140,683914,664732,1550562,1972,
5000,2199,2089,1324711,1346469,943887,2254,64,22,169603,199329,5902157,2035,49,22,309866,279260,1696558,1937,359,160,646953,656820,1556474,1906,
5000,2233,2088,1324934,1360574,898120,1955,63,20,153205,181625,5715933,2056,53,22,311963,290390,1660670,1987,381,139,615049,606056,1516458,1848,
